

# Part 2
#
# ip 3
00 | addi 3 16 3    ip += 16 + 1    [1 0  0   0 0 0]
17 | addi 2 2 2     ip += 1         [1 0  0   17 0 0]
18 | mulr 2 2 2     ip += 1         [1 0  2   18 0 0]
19 | mulr 3 2 2     ip += 1         [1 0  4   19 0 0]
20 | muli 2 11 2    ip += 1         [1 0  76  20 0 0]
21 | addi 5 3 5     ip += 1         [1 0  836 21 0 0]
22 | mulr 5 3 5     ip += 1         [1 0  836 22 0 3]
23 | addi 5 3 5     ip += 1         [1 0  836 23 0 66]
24 | addr 2 5 2     ip += 1         [1 0  836 24 0 69]
25 | addr 3 0 3     ip += 1 +1      [1 0 905 25 0 69]
27 | setr 3 8 5     ip += 1         [1 0 905 27 0 69]
28 | mulr 5 3 5     ip += 1         [1 0 905 28 0 27]
29 | addr 3 5 5     ip += 1         [1 0 905 29 0 756]
30 | mulr 3 5 5     ip += 1         [1 0 905 30 0 785]
31 | muli 5 14 5     ip += 1        [1 0 905 31 0 23550]
32 | mulr 5 3 5     ip += 1         [1 0 905 32 0 329700]
33 | addr 2 5 2     ip += 1         [1 0 905 33 0 10550400]
34 | seti 0 2 0     ip += 1         [1 0 10551305 34 0 10550400]
35 | seti 0 2 3     ip += 1         [0 0 10551305 35 0 10550400]
01 | seti 1 5 1     ip += 1         [0 0 10551305 1 0 10550400]
02 | seti 1 4 4     ip += 1         [0 1 10551305 2 0 10550400]

03 | mulr 1 4 5     ip += 1         [0 1 10551305 3 1 10550400]
04 | eqrr 5 2 5     ip += 1         [0 1 10551305 4 1 1]
05 | addr 5 3 3     ip += 1         [0 1 10551305 5 1 0]
06 | addi 3 1 3     ip += 1         [0 1 10551305 6 1 0]
08 | addi 4 1 4     ip += 1         [0 1 10551305 8 1 0]

09 | gtrr 4 2 5     ip += 1         [0 1 10551305 9 2 0]
10 | addr 3 5 3     ip += 1         [0 1 10551305 10 2 0]
11 | seti 2 6 3     ip += 1         [0 1 10551305 11 2 0]
03 | mulr 1 4 5     ip += 1         [0 1 10551305 3 2 0]
04 | eqrr 5 2 5     ip += 1         [0 1 10551305 4 2 2]
05 | addr 5 3 3     ip += 1         [0 1 10551305 5 2 0]
06 | addi 3 1 3     ip += 1         [0 1 10551305 6 2 0]
08 | addi 4 1 4     ip += 1         [0 1 10551305 8 2 0]

09 | gtrr 4 2 5     ip += 1         [0 1 10551305 9 3 0]
10 | addr 3 5 3     ip += 1         [0 1 10551305 10 3 0]
11 | seti 2 6 3     ip += 1         [0 1 10551305 11 3 0]
03 | mulr 1 4 5     ip += 1         [0 1 10551305 3 3 0]
04 | eqrr 5 2 5     ip += 1         [0 1 10551305 4 3 3]
05 | addr 5 3 3     ip += 1         [0 1 10551305 5 3 0]
06 | addi 3 1 3     ip += 1         [0 1 10551305 6 3 0]
08 | addi 4 1 4     ip += 1         [0 1 10551305 8 3 0]

09 | gtrr 4 2 5     ip += 1         [0 1 10551305 9 4 0]
10 | addr 3 5 3     ip += 1         [0 1 10551305 10 4 0]
11 | seti 2 6 3     ip += 1         [0 1 10551305 11 4 0]
03 | mulr 1 4 5     ip += 1         [0 1 10551305 3 4 0]
04 | eqrr 5 2 5     ip += 1         [0 1 10551305 4 4 4]
05 | addr 5 3 3     ip += 1         [0 1 10551305 5 4 0]
06 | addi 3 1 3     ip += 1         [0 1 10551305 6 4 0]
08 | addi 4 1 4     ip += 1         [0 1 10551305 8 4 0]

09 | gtrr 4 2 5     ip += 1         [0 1 10551305 9 5 0]

many steps later

09 | gtrr 4 2 5     ip += 1         [0 1 10551305 9  10551306 0]
10 | addr 3 5 3     ip += 1 + 1     [0 1 10551305 10 10551306 1]
12 | addi 1 1 1     ip += 1         [0 2 10551305 12 10551306 1]
13 | gtrr 1 2 5     ip += 1         [0 2 10551305 13 10551306 0]
14 | addr 5 3 3     ip += 1         [0 2 10551305 14 10551306 0]
15 | seti 1 1 3     ip = 2          [0 2 10551305 15 10551306 0]
02 | seti 1 4 4     ip += 1         [0 2 10551305 2 10551306 0]

03 | mulr 1 4 5     ip += 1         [0 2 10551305 3 1 0]
04 | eqrr 5 2 5     ip += 1         [0 2 10551305 4 1 2]
05 | addr 5 3 3     ip += 1         [0 2 10551305 5 1 0]
06 | addi 3 1 3     ip += 1 +1      [0 2 10551305 21102616 1 0]
08 | addi 4 1 4     ip += 1         [0 2 10551305 8 1 0]

09 | gtrr 4 2 5     ip += 1         [0 2 10551305 9  2 0]
10 | addr 3 5 3     ip += 1         [0 2 10551305 10 2 0]
11 | seti 2 6 3     ip = 2 + 1      [0 2 10551305 11 2 0]
03 | mulr 1 4 5     ip += 1         [0 2 10551305 3  2 0]
04 | eqrr 5 2 5     ip += 1         [0 2 10551305 4  2 4]
05 | addr 5 3 3     ip += 1         [0 2 10551305 5  2 0]
06 | addi 3 1 3     ip += 1         [0 2 10551305 6  2 0]
08 | addi 4 1 4     ip += 1         [0 2 10551305 8  2 0]

09 | gtrr 4 2 5     ip += 1         [0 2 10551305 9  3 0]
10 | addr 3 5 3     ip += 1         [0 2 10551305 10 3 0]
11 | seti 2 6 3     ip = 2 + 1      [0 2 10551305 11 3 0]
03 | mulr 1 4 5     ip += 1         [0 2 10551305 3  3 0]
04 | eqrr 5 2 5     ip += 1         [0 2 10551305 4  3 6]
05 | addr 5 3 3     ip += 1         [0 2 10551305 5  3 0]
06 | addi 3 1 3     ip += 1         [0 2 10551305 6  3 0]
08 | addi 4 1 4     ip += 1         [0 2 10551305 8  3 0]

09 | gtrr 4 2 5     ip += 1         [0 2 10551305 9  4 0]
10 | addr 3 5 3     ip += 1         [0 2 10551305 10 4 0]
11 | seti 2 6 3     ip = 2 + 1      [0 2 10551305 11 4 0]
03 | mulr 1 4 5     ip += 1         [0 2 10551305 3  4 0]
04 | eqrr 5 2 5     ip += 1         [0 2 10551305 4  4 8]
05 | addr 5 3 3     ip += 1         [0 2 10551305 5  4 0]
06 | addi 3 1 3     ip += 1         [0 2 10551305 6  4 0]
08 | addi 4 1 4     ip += 1         [0 2 10551305 8  4 0

09 | gtrr 4 2 5     ip += 1         [0 2 10551305 9  5 0]

many steps later

09 | gtrr 4 2 5     ip += 1         [0 2 10551305 9  10551306 0]

repeats same loop above with reg[1] = 3
many many many loops later


03 | mulr 1 4 5     ip += 1         [0 2110261 10551305 3 5 0]
04 | eqrr 5 2 5     ip += 1         [0 2110261 10551305 4 5 10551305]
05 | addr 5 3 3     ip += 1 + 1     [0 2110261 10551305 5 5 1]
07 | addr 1 0 0     ip += 1         [0 2110261 10551305 7 5 1]
08 | addi 4 1 4     ip += 1         [2110261 2110261 10551305 8 5 1]

09 | gtrr 4 2 5     ip += 1         [2110261 2110261 10551305 9 6 1]
10 | addr 3 5 3     ip += 1         [2110261 2110261 10551305 10 6 0]
11 | seti 2 6 3     ip += 1         [2110261 2110261 10551305 11 6 0]
03 | mulr 1 4 5     ip = 2 + 1      [2110261 2110261 10551305 3 6 0]
04 | eqrr 5 2 5     ip += 1         [2110261 2110261 10551305 4 6 12661566]
05 | addr 5 3 3     ip += 1         [2110261 2110261 10551305 5 6 0]
06 | addi 3 1 3     ip += 1         [2110261 2110261 10551305 6 6 0]
08 | addi 4 1 4     ip += 1         [2110261 2110261 10551305 8 6 0]

09 | gtrr 4 2 5     ip += 1         [2110261 2110261 10551305 9 7 0]
10 | addr 3 5 3     ip += 1         [2110261 2110261 10551305 10 7 0]
11 | seti 2 6 3     ip = 2 + 1      [2110261 2110261 10551305 11 7 0]
03 | mulr 1 4 5     ip += 1         [2110261 2110261 10551305 3 7 0]
04 | eqrr 5 2 5     ip += 1         [2110261 2110261 10551305 4 7 14771827]
05 | addr 5 3 3     ip += 1         [2110261 2110261 10551305 5 7 0]
06 | addi 3 1 3     ip += 1         [2110261 2110261 10551305 6 7 0]
08 | addi 4 1 4     ip += 1         [2110261 2110261 10551305 8 7 0]

09 | gtrr 4 2 5     ip += 1         [2110261 2110261 10551305 9 8 0]

many loops later. again.


09 | gtrr 4 2 5     ip += 1         [2110261 2110261 10551305 9  10551306 0]
10 | addr 3 5 3     ip += 1 + 1     [2110261 2110261 10551305 10 10551306 1]
12 | addi 1 1 1     ip += 1					[2110261 2110262 10551305 10 10551306 1]
13 | gtrr 1 2 5     ip += 1         [2110261 2110262 10551305 13 10551306 1]
14 | addr 5 3 3     ip += 1         [2110261 2110262 10551305 14 10551306 0]
15 | seti 1 1 3     ip = 2          [2110261 2110262 10551305 15 10551306 0]
02 | seti 1 4 4     ip += 1         [2110261 2110262 10551305 2  10551306 0]

03 | mulr 1 4 5     ip += 1         [0 2 10551305 3 1 0]

many many many many more loops until
it adds next divisor
Its a sum of all divisors of 10551305
goddamit
